6.442320019994097529e+05 9.728353707978354767e+06
6.441572096789437346e+05 9.728482107817541808e+06
6.440415422614875715e+05 9.728416142938476056e+06
6.448325747458813712e+05 9.729357679866932333e+06
6.500670110893186647e+05 9.728566180853221565e+06
6.498809167375463294e+05 9.728876228325478733e+06
6.494778091294305632e+05 9.729121138452099636e+06
6.504410897136160638e+05 9.729155748480370268e+06
6.494152045818752376e+05 9.729177404325630516e+06
6.492040849711252376e+05 9.729421122640121728e+06
6.477519076739700977e+05 9.729200932796018198e+06
6.476641593770085601e+05 9.729238263088539243e+06
6.482439342402244220e+05 9.729709363054547459e+06
6.452842828114592703e+05 9.729298693257266656e+06
6.455935752870731521e+05 9.729964495092106983e+06
6.488102568214099156e+05 9.729682147448519245e+06
6.492708673177590827e+05 9.729520255231205374e+06
6.442850385039278772e+05 9.730205691905861720e+06
6.492722741961609572e+05 9.729577334733979777e+06
6.492690739043224603e+05 9.729641129426531494e+06
6.488418779689799994e+05 9.729703776233501732e+06
6.482231671118361410e+05 9.729727834238590673e+06
6.461618373003634624e+05 9.729869852362481877e+06
6.460678273964709369e+05 9.729968162171810865e+06
6.466727893521494698e+05 9.729927213678175583e+06
6.465189185846026521e+05 9.730084194115141407e+06
6.455616649890556000e+05 9.730262512175444514e+06
6.468391062833853066e+05 9.730238986870717257e+06
6.452555367972744862e+05 9.730235372698234394e+06
6.458306558635875117e+05 9.730847940662920475e+06
6.484303205785596510e+05 9.730551852603431791e+06
6.483699922023379477e+05 9.730749962046850473e+06
6.495023677849570522e+05 9.730646140750130638e+06
6.495174923464787425e+05 9.730673362779434770e+06
6.495426595917727100e+05 9.730659664844047278e+06
6.482453274758585030e+05 9.731331811337387189e+06
6.485504805801055627e+05 9.730747723915979266e+06
6.460323870690786280e+05 9.731150350943557918e+06
6.456997667888607830e+05 9.730901499612070620e+06
6.476387958891929593e+05 9.731137207488372922e+06
6.476321443312155316e+05 9.731184616613747552e+06
6.460849531039721332e+05 9.731216314127961174e+06
6.459084602441871539e+05 9.731199133218623698e+06
6.472874998056432232e+05 9.731246042454808950e+06
6.479152196052679792e+05 9.731257899801727384e+06
6.463590718592470512e+05 9.731311514232447371e+06
6.458499795884840423e+05 9.731525298600589857e+06
6.480375387506012339e+05 9.731584500549053773e+06
6.472919839444739046e+05 9.731297241137297824e+06
6.465696930692393798e+05 9.731695616252562031e+06
6.456171129307518713e+05 9.731596265981653705e+06
6.453805941568989074e+05 9.732367868027778342e+06
6.481000064801500412e+05 9.731692036986986175e+06
6.480333433663789183e+05 9.731601845507312566e+06
6.454898716920058941e+05 9.731642080787580460e+06
6.452300136343826307e+05 9.731625433846255764e+06
6.464934728427116061e+05 9.731769098949125037e+06
6.469320604982925579e+05 9.731994714870411903e+06
6.472746933142569615e+05 9.732203731612782925e+06
6.470217450978694251e+05 9.732277603986775503e+06
